K1 = 10 / 400;      % 10V/400°C
K2 = 400 / 230;     % 400°C/230V
tau = 10 * 60;  
u_ein = 0.75;       
u_aus = -0.75;